Fan QF-3 | Conf 27  | 80% Speed 

Ang 10
49.446921391161496, 115.60099879455831
63.36484019921397, 102.94454968141899
79.08188879373377, 105.22696745307388
100.14284872585583, 106.79300843809197
123.54358994824668, 108.11864990528673
160.3138381890472, 110.88117788875496
195.7257703306567, 110.59273290855865
248.16582707576316, 111.4417082831066
310.9022354968074, 111.57292922335114
398.8761497053691, 113.25916996728088
491.14729434382866, 115.66040985018083
631.5914687073604, 116.03203030824868
800.1342288390257, 117.35904942311005
1000.2908227872978, 118.68537971413812
1218.9241869910018, 119.47253314964699
1610.8272352941417, 119.42724298260721
1933.9595713054703, 121.11003960737042
2428.8931782699015, 127.33700706044431
3106.8041318027, 123.2262786292406
3990.5544016517874, 124.25520923023939
4859.171138529799, 125.46065093852249
6363.004739383675, 123.0842087136215
7959.782689167108, 124.05200619941452
9842.64364500921, 124.0630273807474
12356.971930569109, 122.99913897020838
15767.44491939103, 120.26278629240574
19818.316439032697, 118.54158773893579

Ang 20
51.06635662722147, 106.83683093609997
66.14040821395264, 105.27104456496109
82.08532148315521, 104.9742985145013
104.09951710693747, 107.64182975713274
127.43987960635096, 107.4656920537609
168.3161984453595, 110.01332232963922
205.8981480909578, 110.26055175666116
255.03642762405167, 111.05246404149963
320.6711516706839, 110.99799575571798
407.8649518348739, 112.03253949540202
510.60811791207334, 114.39731195472764
649.7298894536477, 115.18993161990096
825.680584773443, 116.70832350860645
1035.0213406430644, 118.34732374439989
1264.3367692705629, 119.3808064135817
1653.4531304282414, 119.9322093845791
2039.8432381964965, 122.96191935864182
2532.4268045323233, 129.98373025229898
3173.457287504842, 124.30417354397547
4037.6682198966223, 125.15727422777645
5127.193940870913, 127.09903324687573
6476.870951682018, 124.44388116010373
8223.698905965566, 126.44612119783069
10230.652294057427, 124.81879273756188
13043.59519024846, 124.5227540674369
16478.966442316712, 121.80712096203725
20489.449938794758, 120.48219759490685

Ang 30
50.52949603093324, 110.12270586992003
63.39258241465724, 105.06839824806548
81.9620324267936, 104.59319187910242
102.28053363100139, 107.91223888308303
126.73164021100541, 108.39977454998062
162.94918110864796, 110.39430269013539
199.49979937374547, 110.21887439380951
254.31710659502065, 110.04450289444947
322.97192953796883, 111.55677935253573
411.38232003473706, 111.7438324154856
501.21298079682856, 113.73695149301926
637.380281716047, 114.64685368058898
819.5316874894341, 116.64138182074375
1010.3818031083789, 119.35770228855253
1285.2252567566945, 120.14712962201895
1609.91676891434, 121.77952866855324
2009.5606219430665, 124.97810081843053
2506.5811009176455, 134.50195507438676
3128.727263707662, 125.71257470967439
4032.1150844246067, 126.68306658995103
5093.688665984832, 130.5446027030518
6387.7769228974685, 125.67100736235219
7981.020119773312, 128.4479175228679
10353.81627782569, 126.46677547761351
12872.422876501209, 125.44837546821975
16053.528161494027, 123.04451463663796
20829.13591928937, 121.00313516433192

Ang 40
50.86450925539949, 110.86729915940155
64.03002079806387, 104.24792080090972
81.22844356933955, 103.67600169457513
100.1258641874475, 108.20988204865216
126.65493957222183, 108.57711431693015
159.72441737167205, 109.94219492073402
199.4473694928618, 110.24989408905438
253.24623639918468, 109.38449017815337
320.0004702385339, 110.1039042119111
408.8807750014398, 111.46982095475931
508.27962422361605, 113.24494414591184
648.0556466119581, 115.31522441971951
825.9729384061441, 117.50289861535376
1009.9321098959745, 120.39242792481438
1276.6030461616647, 120.99444803674554
1612.8183403016071, 121.77255903141653
2018.6311419355184, 125.60291199357846
2527.461586781727, 137.88729960534238
3148.103548585025, 126.1596133693059
4145.030247516733, 126.2945662110638
4955.632704002439, 132.23550134897098
6384.619332089715, 126.61564360409375
8048.74391711673, 128.09811812972418
9967.707526886243, 126.82016321434146
12522.920815149633, 125.13216571161007
16107.909313843404, 124.32629490066668
20522.800158229085, 122.34564873241322

Ang 50
50.58112770366937, 107.97580065911778
64.07059834057826, 105.05920441101908
79.7235318692365, 104.14959016393442
99.60918611415372, 106.62445073516983
124.61853551493259, 108.58310799391582
158.08739576916625, 110.0833931891161
201.21924334937694, 110.2644921412878
250.30556695650804, 109.46958974142301
317.8083993385127, 110.62573939496366
393.7239379455446, 111.43680285617711
506.1558558437964, 112.70813968227141
633.6085428772238, 114.43737324657764
801.7855445754169, 116.91270914314686
975.3309809516239, 119.90282237620414
1241.9794674401585, 119.91185355754604
1575.998397316891, 121.29742690552644
1940.2470068566008, 124.5747950819672
2483.166926192537, 137.60504689876626
3099.1560964284517, 125.5100768970762
3939.5382999832323, 126.20737916173735
5016.701795263569, 131.2068510224776
6375.039001154027, 127.02842445496027
7959.372380768888, 129.79006464424538
10176.9061170206, 128.19312996450904
12543.34794951399, 126.02121007267195
16073.15248047898, 123.56393653878654
20087.69550581535, 120.93364458340373

Ang 60
48.45763904597534, 110.17597116929922
61.08647056975173, 105.35705589194983
77.43376471060263, 103.98662359377285
98.86025488459345, 105.31760848038184
122.36299327346529, 108.9462833395562
158.14884790380066, 110.6225548286554
198.07743709867248, 108.79190272885182
247.2229912263659, 108.57031541695753
307.60253737388206, 109.78539309426797
399.35017044265726, 109.39286699891238
496.5125849207066, 110.95274427363194
624.5406028445957, 113.14524114868267
796.2634862681314, 115.10835863054173
986.916468164634, 118.10490089446603
1279.2072279039287, 118.45944059349688
1592.0261052024898, 119.55958507167094
1995.8118036363953, 123.30368013506276
2544.831307799977, 137.22082433726726
3266.1329808012, 124.12671872209869
4072.4411616979296, 124.3648642067499
5213.1972748673215, 130.46606386259964
6441.481811933355, 122.88777779581503
8417.54016252547, 125.48400188308634
10277.135951402777, 123.42250937484783
13016.033600868035, 122.45434327364816
16111.630543152589, 120.04853817308162
20768.132448980326, 116.95459489294007

Ang 70
49.48249672484864, 110.38535893800747
63.368764774473576, 105.57932723289085
80.4664765139836, 103.5835803582936
99.42544186575985, 106.34746745714654
125.98348398725471, 109.34205438845211
160.6057358988244, 110.32929501224385
200.97028430335277, 108.90643124113932
247.86138705245327, 107.99909782188426
315.5949480463949, 109.38780770717875
404.0703814857768, 108.94122953988915
501.70062831827903, 110.09923959273102
646.5573260309377, 111.77535764918159
792.0488850160157, 113.1047815440134
1006.9236007390103, 115.00966619409718
1233.5065788481718, 116.33909008892898
1591.0351328222225, 117.72844438716328
1940.6409081311406, 120.49168707307642
2456.219735534117, 132.4345920866091
3155.481230488308, 122.29411006573011
4087.0340607858225, 122.30699832452635
5159.057263679928, 126.5633457919835
6290.0366646325665, 120.89444516045882
8093.547789800707, 123.08673798169866
10125.921333947268, 121.7212269622374
12684.005842196046, 119.95424668127335
16170.570837266709, 116.6393865188813
20615.518823963892, 113.32452635648923

Ang 80
50.26537524106473, 107.2874624648865
64.59178144882199, 104.81450389073649
80.42579635454483, 104.59429789157599
100.32766018532732, 108.65164185851279
125.8261050701197, 110.62832972780988
166.50717533600283, 111.74066061799748
200.6374196110456, 109.2644732168803
256.48388800372885, 108.8143747376578
313.7337924142633, 110.50079106260695
411.755587723579, 109.82080010332245
511.09484594631436, 110.81431016111847
642.8039326134294, 111.69287397888347
816.3667577962984, 113.78579961899842
1025.0663894062827, 115.30011946659778
1286.1623516739942, 117.10341932775822
1657.0446690519086, 118.61903070614446
2097.588623978435, 121.98346840592814
2613.7335285878808, 131.47428239320655
3228.4367557212922, 124.37506054050564
4122.150325923526, 124.38733008298085
5182.886473403358, 125.3814859061703
6505.443906398827, 122.0402957605502
8382.623027540441, 123.49811113622421
10488.878848376644, 121.37063704756062
13106.810287158785, 119.76332698330697
16649.47965723836, 116.76955861935359
20337.07071906882, 114.00503697006877

Ang 90
50.87769941256979, 108.39423399262486
62.68564219494588, 105.24112829845313
79.90223825684423, 105.53757003974904
98.83792397749006, 109.28116469517742
125.57688172202324, 112.1062209664288
160.21958802082125, 111.65557205114696
197.15757455079168, 109.47943106173075
244.94119174401806, 109.83238350653703
312.0765459183434, 110.4736363200996
397.93453471169914, 110.4827355011733
500.41225585097067, 111.3533834586466
621.3279376084937, 112.16608399980842
799.7569668871184, 114.81921363919352
992.201272545743, 116.2640678128442
1229.5061237913008, 118.62841817920597
1624.7917112187124, 120.7078205066807
2011.9136716493454, 123.6468559934869
2543.0830022284686, 130.49470810784922
3176.4319981170647, 126.65245917341122
4051.2201451953656, 126.4891528183516
5162.7480155999665, 126.95800009578085
6443.30603233315, 123.74790479383171
8306.467598504372, 125.1941956802835
10476.34423252044, 123.76610315597911
12877.415592856205, 122.45198984722953
16267.637624780527, 119.7595900579474
20329.514418940616, 115.5150615391983

Ang 100
49.8618317113674, 109.52589339315618
62.43119460547359, 107.19027457423616
80.32526753191202, 108.10594331574457
99.88850636999777, 111.53069607254574
126.5208960257537, 113.30168409744383
161.62789996246406, 112.56327214129988
194.88693293777243, 110.05608392050301
250.01691581081124, 111.82722992827577
315.2209088009631, 111.20272362475907
400.8954846548524, 111.7760434768871
504.2729792201034, 111.83591898638187
639.8390695822568, 113.09362065152136
789.4063204353596, 115.09241998167398
1012.911564126437, 116.80653417169579
1231.6948422072699, 119.31846187873234
1558.2757685057563, 121.43164081013617
1937.7942185721506, 124.85639356693733
2451.0012260394187, 130.79086227052986
3117.315369911041, 127.59992416822016
4027.9580803277786, 127.26089291920755
4874.512198980367, 127.43435811558027
6269.5193408587775, 124.69983253815286
7948.812886559482, 126.18566147429618
10056.909287485634, 124.53458245126228
12533.598215573185, 123.56772725836518
15965.66605715677, 119.92053461404782
20021.40348842929, 117.12866125312016

Ang 110
52.18284212321874, 110.36464848636476
65.33607354494073, 107.07405554165622
82.53051292401668, 109.36264698523891
105.08157211220808, 113.24555916937702
130.09565152514398, 113.76845133850387
163.8286902089796, 112.81210908181134
204.5727197824675, 110.43219914936199
251.5736102026253, 113.23179884913684
329.2246054573224, 112.1065799349512
407.73167141753146, 112.51563672754564
517.6367504172653, 113.09669752314234
647.9258552384259, 114.18939204403301
820.367454904668, 115.6811358518889
1010.2051010679259, 118.02539404553413
1279.065159994032, 119.51713785339001
1612.9632347024867, 122.3749061796347
2031.9753670051755, 125.57418063547658
2481.2527374969145, 130.7643232424318
3149.9293200051657, 127.0759319489617
3989.6046745395593, 128.4538403802852
4945.951508002726, 128.52139104328245
6244.125218012549, 126.71128346259692
8001.225936350943, 128.43132349261944
9997.839939581658, 125.8237428071053
12547.98325436175, 126.00575431573678
16097.143350449904, 123.05791843882909
20097.109565249622, 120.73492619464596

Ang 120
50.236488672498794, 109.6787623598429
64.04724443902073, 109.05804986516533
80.76031701863637, 112.15830061030418
100.55103540592684, 115.25807825140747
126.14986997867419, 115.78180441879167
163.6304221887162, 113.61593414391822
198.73108831130418, 112.24913658513505
251.3553119984101, 114.31896674078628
316.9002288883211, 113.18257084732932
412.9998691434171, 113.70771632682025
506.27773495580783, 113.48630363817001
642.8412641427102, 114.23948526280927
823.5853845971022, 116.25254293419121
1016.95461680436, 117.86346217533233
1252.5371163617228, 120.33306524104648
1621.889995180533, 123.03354307612241
2021.0539027913305, 125.84709277570136
2509.0847520827147, 129.92004541798738
3178.952517764929, 127.12352746368924
3981.5150505608995, 128.21970951412214
5030.707360802983, 130.63301319960257
6365.155430751523, 128.29445995174336
8084.834220026492, 128.9331503997729
9979.927489863841, 126.36466859062305
12561.049624255287, 125.80072858021477
16276.52206521219, 123.97833183517054
20136.064773181213, 120.66565737805742

Ang 130
49.9301451203459, 106.26466656765186
62.23817176970324, 107.76142764112467
80.1589155510495, 111.52543728364314
99.42292762793942, 114.63240754492797
131.22198514063055, 114.75887991408563
158.54019293685852, 113.51129339990175
198.75248130442006, 113.15929577625701
250.537948080349, 115.31241074386774
306.61473002583017, 114.18444172788448
398.4801776521909, 115.02621988141073
498.9075598527195, 115.09168389905061
615.0736165388661, 115.87245370105907
786.094291834343, 117.84699928023855
965.5664929375056, 119.82051662877447
1217.3714626718115, 121.91399421905882
1593.4717405194835, 124.72414856790321
1950.439183960464, 127.83077608564018
2405.846544283831, 132.72686766671617
3130.7822962568694, 128.8569502679112
4021.9778214773114, 129.16164928195226
4865.425645388681, 131.79083503753043
6142.328079227086, 129.17261707548354
7969.424408830775, 130.55113162494717
9926.873440244957, 127.99220829667881
12465.377160860487, 127.10347427709674
15529.981064783758, 124.48491357150202
19892.509638830783, 121.44957671171841

Ang 140
50.648475913528436, 112.60699791972172
64.27389938107572, 113.08955427480136
81.26435233364836, 116.35303345496709
100.18863741194068, 118.6096238447635
127.44119204070296, 117.31712307744775
162.31057890272942, 115.07792517818777
203.48347276851015, 114.73160999897692
254.7202660339225, 115.50949766394982
315.2731873993569, 114.80765951642056
410.94566293575247, 115.11373324693926
515.2700755140235, 114.64908092623538
636.660923578767, 115.24895133512942
818.0215105197302, 116.38287351226
1036.618937653147, 117.93046414077688
1262.4595569561689, 119.4173515670293
1600.8281490078073, 120.49159362957406
2056.5204642933527, 121.74385294819766
2595.254753805717, 126.42737782627971
3224.084163881658, 122.94461685366437
3986.7653330273097, 122.95280155509327
5175.409099344587, 126.33564096443065
6410.25268412497, 125.1012856801828
8250.531799416398, 124.93349930089009
10349.922077955074, 124.11383555570713
12833.496165118178, 122.05112028100808
16734.50473014121, 122.06135115779422
20217.744379358202, 119.58343280019098

Ang 150
49.41863886179288, 114.94409333981527
62.97499651105346, 116.50785934208395
80.12043812766034, 118.82158483228002
99.54086362919429, 120.15394587587102
127.66963422016892, 118.71787392643007
161.8841550787926, 116.58920758385999
204.60519346995605, 115.96046021714471
251.8393181364184, 115.61951061416302
326.84456958321505, 114.70296548371415
402.6486691908142, 113.95819154107924
515.5327412769356, 113.32976827094474
651.0141826101114, 113.10484524388268
821.7933058177491, 113.05298979095771
1035.6965731854475, 113.75109382596014
1271.7832918503227, 114.50623885918003
1622.4698406150044, 115.55080213903744
2011.9838024541286, 117.74850105331389
2543.2602673769757, 123.06206449521957
3194.8930749062924, 119.26008750607681
4027.9893751287455, 119.78512396694215
5124.004041529898, 122.15653864851726
6415.293800933583, 119.91216982660833
8288.762768501812, 121.07243558580457
10236.583331852968, 119.17387781558904
12747.922687776168, 119.41014422297845
15938.679243390457, 117.80035650623886
20531.89827428024, 114.34516285853184

Ang 160
51.99423730677347, 117.83473720707308
65.00319060244664, 118.12873488201342
83.95528712337313, 120.3488609247211
103.64815683633547, 120.69884358874998
128.9556377690649, 117.93599967367584
166.26432988718713, 115.85415349472783
201.09435979321728, 114.44841018947196
254.8435123247224, 114.2902449470743
324.3725039963741, 112.37757745100038
411.3035601146347, 111.99302482103158
515.5899702406709, 111.21168240500907
645.4083717437292, 110.99630845791438
816.0735726797852, 111.74369276580123
1008.0628022792265, 111.86728804225898
1257.796698747887, 112.95364157369826
1630.0175730490894, 113.81544329097918
2001.8979963311915, 116.259509290041
2436.2089118377758, 122.38237033713365
3119.7225165366553, 118.03603842467011
3946.893703203811, 118.55703534498582
4978.631603790408, 120.26656605004997
6041.979590866357, 117.50249841936734
7728.79170273087, 118.59007566641512
9838.825090787748, 116.62081132344844
12331.73109652792, 115.8960657543187
16096.311083333816, 113.8714282800677
19091.617827281163, 110.31378107727764

